-6.176842161979269e-17
-3.2711426207379166e-17
-1.5028857473753195e-18
0.0
0.0
0.0
7.5666490198303425e-19
1.1454485383260006e-17
2.919005596042777e-17
7.735631948412768e-5
0.001176161495026065
0.0024009638583059037
0.006701304625201568
0.012326603189944352
0.019365703277163294
0.035260949586157546
0.04137911721229907
0.05745450213947252
0.066727766003892
0.12280540983463006
0.12791836417102256
0.15611509031609505
0.18664866131211158
0.22082275458139303
0.24982962297432124
0.3075718376671057
0.43203845539209346
0.5051588521585851
0.5561422511260089
0.6480324483731894
1.041409193750357
1.2841231323551663
